1 [0.12156863 0.46666667 0.70588235]*
2 [0.68235294 0.78039216 0.90980392]
3 [1.         0.49803922 0.05490196]
4 [1.         0.73333333 0.47058824]*
5 [0.17254902 0.62745098 0.17254902]
6 [0.59607843 0.8745098  0.54117647]
7 [0.83921569 0.15294118 0.15686275]*
8 [1.         0.59607843 0.58823529]
9 [0.58039216 0.40392157 0.74117647]
10 [0.77254902 0.69019608 0.83529412]
11 [0.54901961 0.3372549  0.29411765]*
12 [0.76862745 0.61176471 0.58039216]
13 [0.89019608 0.46666667 0.76078431]
14 [0.96862745 0.71372549 0.82352941]*
15 [0.49803922 0.49803922 0.49803922]
16 [0.78039216 0.78039216 0.78039216]
17 [0.7372549  0.74117647 0.13333333]*
18 [0.85882353 0.85882353 0.55294118]
19 [0.09019608 0.74509804 0.81176471]
20 [0.61960784 0.85490196 0.89803922]*