f - with indices - 1-indexed for demonstration (0 indexed in reality)
[[ 1  1 19 11 13]
 [ 2  2 18  8  9]
 [ 3  3 20 12 14]
 [ 4  4 17  7 10]
 [ 5  5 16 25  5]
 [ 6  5 19 13 25]
 [ 7  6 16  5 23]
 [ 8  6 18 23  8]
 [ 9  7 13 17  3]
 [10  7 18  9 17] 
 [11  8 13  3 16]
 [12  8 20 16 12]
 [13  9 15 26  6]
 [14  9 20 14 26]
 [15 10 15  6 24]
 [16 10 17 24  7]
 [17 11 14 18  4]
 [18 11 17 10 18]
 [19 12 14  4 15]
 [20 12 19 15 11]
 [21 13 14  1  2]
 [22 13 15  2 20]
 [23 13 16 22  1]
 [24 13 18 17 22]
 [25 13 20 20 16]
 [26 14 15 21  2]
 [27 14 16  1 19]
 [28 14 17 18 21]
 [29 14 19 19 15]
 [30 15 17 21 24]
 [31 15 20 26 20]
 [32 16 18 22 23]
 [33 16 19 25 19]
 [34  7  8  3  0]
 [35 11 12  4  0]
 [36  5  6  5  0]
 [37  9 10  6  0]
 [38 10  4  7  0]
 [39  6  2  8  0]
 [40  2  7  9  0]
 [41  4 11 10  0]
 [42 12  1 11  0]
 [43  8  3 12  0]
 [44  1  5 13  0]
 [45  3  9 14  0]]

t2t
 [[18 21  1]
 [19 20  0]
 [15 16 -1]
 [14 17 -1]
 [22 24 -1]
 [23 25 -1]
 [ 9 23 -1]
 [ 8 22 -1]
 [16  7 -1]
 [17  6 -1]
 [12 14 -1]
 [13 15 -1]
 [24 10 -1]
 [25 11 -1]
 [10 18  3]
 [11 19  2]
 [21  8  2]
 [20  9  3]
 [14 24  0]
 [15 25  1]
 [23 17  1]
 [22 16  0]
 [ 7 21  4]
 [ 6 20  5]
 [18 12  4]
 [19 13  5]]

 t2f - 1 indexed in reality
[[ 27 -23  21]x
 [ 22 -26 -21]
 [ 11  -9  34]
 [ 19 -17  35]x
 [  7  -5  36]
 [ 15 -13  37]
 [  4 -16  38]
 [  2  -8  39]x8
 [ 10  -2  40]
 [ 18  -4  41]
 [  1 -20  42]
 [  3 -12  43]
 [  6  -1  44]x13       xxx
 [ 14  -3  45]
 [ 20 -29 -19]
 [ 12 -25 -11]
 [ 24 -10   9]x17
 [ 28 -18  17]
 [ 29 -33 -27]
 [ 25 -31 -22]x20
 [ 30 -28  26]
 [ 32 -24  23]
 [  8 -32  -7]
 [ 16 -30 -15]x24
 [ 33  -6   5]
 [ 31 -14  13]]

t - 1 indexed for demonstration (0 indexed in reality)
[[13 14 16]x good
 [14 13 15]
 [ 7  8 13]
 [11 12 14]x good
 [ 5  6 16]
 [ 9 10 15]
 [10  4 17]
 [ 6  2 18]x good
 [ 2  7 18]
 [ 4 11 17]
 [12  1 19]
 [ 8  3 20]
 [ 1  5 19]x good
 [ 3  9 20]
 [14 12 19]
 [13  8 20]
 [ 7 13 18]x good
 [11 14 17]
 [16 14 19]
 [15 13 20]x good
 [14 15 17]
 [13 16 18]
 [16  6 18]
 [15 10 17]x
 [ 5 16 19]
 [ 9 15 20]]